-9.669930028269676722e-03
-9.351183619355293505e-03
-1.459746491904166665e-02
-8.349023148048388340e-03
-6.296234852214767017e-03
-2.226894203502965963e-02
-2.085578442341104455e-02
-1.652559700406358231e-02
-1.801234132199268367e-02
-1.581601589174655778e-02
-1.337804717776202267e-02
-1.504720273705412170e-02
-7.963157517203811250e-03
-2.051561125722470291e-02
-9.741347472387076531e-03
-2.303953946803679806e-02
-1.867730756971890463e-02
-1.652533339104016868e-02
-1.161421732061157334e-02
-1.149378737599106130e-02
-2.148925987290884604e-02
-1.409568616613739687e-02
-2.074197290755252013e-02
-1.574978125787514921e-02
-2.433311364642102084e-02
-1.293411598440143660e-02
-8.429540750561894877e-03
-1.713450951596557151e-02
-1.423281058475020337e-02
-1.860782148947130038e-02
-1.967218037133431491e-02
-1.580371427547425101e-02
-1.354297610350277230e-02
-1.301194984869280362e-02
-2.122383306568013245e-02
-2.101695457706006034e-02
-1.353754282286795223e-02
-1.370238494268749378e-02
-6.602829399267330299e-03
-1.968323183382508085e-02
-1.125364862528905989e-02
-1.982782447955932364e-02
-1.371226190719195513e-02
-8.392408721488315779e-03
-8.079614157981562447e-03
-2.327297695141742825e-02
-1.847347996282326654e-02
-1.071812104863406438e-02
-1.460674177788998454e-02
-9.524135750133872966e-03
-1.397384741645051574e-02
-9.040354981837665435e-03
-1.138533775895495502e-02
-6.466083332201616116e-03
-5.714350987842431104e-03
-1.038124152501872753e-02
-8.587620969060958884e-03
-9.645183103167411995e-03
-7.143511435558308129e-03
-2.147619193596575146e-02
-2.362721357664248137e-02
-6.303638731017488159e-03
-1.862068229219157947e-02
-1.358419883587658021e-02
-2.298802637685669684e-02
-2.544475574880169025e-02
-1.879193901733321181e-02
-6.868025096079246813e-03
-2.179263134754547485e-02
-2.355419716929275237e-02
-1.981281375712352823e-03
8.244005155407430410e-03
5.335154941285469646e-03
-3.324803888750858479e-04
-2.398958369250304284e-02
-9.385730324464351335e-03
-1.887607145450518123e-02
-1.291119192336528075e-02
-7.775956767613291173e-03
-1.691959307094380999e-02
-1.785998634612033162e-02
-6.936273872413722605e-03
-2.089044845838821871e-02
-2.066412685271795668e-02
-1.130065407155294264e-02
-2.147876882240069840e-02
-1.016071785969810924e-02
-9.036311152355471984e-03
-7.644019417355275500e-03
-8.853397310957562480e-03
-1.034941653137225713e-02
-8.384280951126267187e-03
-7.173628237928031046e-03
-7.465455030644144521e-03
-1.041028978783893437e-02
-1.573571201044856802e-02
-2.345008844651721991e-02
-1.187761554068175567e-02
1.686745095031385797e-02
2.387866495801177144e-02
2.005623469548141122e-02
-6.786008568469050969e-03
-1.255765753954482360e-02
-2.137710828311313940e-02
-8.359736048314662590e-03
-9.801727859928164796e-03
-1.062859176159672119e-02
-2.218124962100063643e-02
-2.495940656316068471e-02
-1.879997038173571514e-02
-2.267192084779806951e-02
-2.516732640835795190e-02
-2.454663843961245664e-02
-1.041457825231354405e-02
-7.414178498044628543e-03
-2.069168230237464559e-02
-1.539361411383036692e-02
-2.453275085644901141e-02
-1.973359865520894416e-02
-1.582171060340861052e-02
-1.522291675670377903e-02
-1.925674401795200025e-02
-1.915604190772548371e-02
-1.665819162774632989e-02
-1.911886896010190143e-02
2.441369491364045116e-02
3.201779389140813059e-02
3.883996909276692111e-02
-1.620413981626239134e-04
-3.354622254143723586e-02
-2.381682788846547702e-02
-4.996082065117760096e-02
-7.376233348987841498e-02
-3.964604451734493606e-02
-1.928218048817225555e-02
2.393521690037585595e-02
-1.729717588854351798e-02
-8.511296070023119040e-03
-7.316501927128691088e-03
-1.503776361060886121e-02
-2.275471866441401356e-02
-1.391221988494910182e-02
-1.268338809558983669e-02
-2.548500169890526371e-02
-6.479971871966165239e-03
-1.998824972018721155e-02
-1.108444398685324260e-02
-1.967362950510562203e-02
-2.029576035463290240e-02
-1.567760477911520067e-02
-3.068048800253632760e-02
-4.545299804217517448e-02
-1.780208698045958327e-02
2.698603691378278699e-02
4.303498928527031697e-02
1.114860564647212650e-02
-8.335180735671221530e-02
-9.488143636061677211e-02
-9.304576047817465778e-02
-7.153432504068533981e-02
-6.115281540731563881e-02
-6.407527604490134698e-02
-2.560728732277254768e-02
2.956332718087873335e-03
-6.030531330228050199e-03
-2.411737560796135132e-02
-2.357111029998573346e-02
-1.991459733363895937e-02
-1.592381795297251323e-02
-2.375768376251749525e-02
-1.514801829961933202e-02
-6.714013261033080146e-03
-1.390803449388590927e-02
-2.289673280549245696e-02
-1.864111366953372789e-02
-1.082608010909457373e-02
-6.051521568285969307e-03
-6.567114099749084624e-03
-3.289172360603289519e-02
-4.067096052168676923e-02
5.030554502132475805e-03
3.316133601302642675e-02
3.580428911815732810e-03
-6.059114488373927576e-02
-1.160638107554686632e-01
-1.168836592099403299e-01
-9.579444669744135998e-02
-8.652066983698479541e-02
-6.028850841792889742e-02
-7.382543329215921976e-03
8.316038616138868647e-03
-4.964941387663538916e-03
-2.488475858338809119e-02
-1.920978251430556852e-02
-1.678081109801269830e-02
-8.383305240275367928e-03
-9.757495411497526736e-03
-2.313003462854240286e-02
-9.269338526028464073e-03
-1.212990993145777151e-02
-2.225773081928754740e-02
-1.707829729793544984e-02
-9.308029816590386238e-03
-1.991974652993178455e-02
-8.337921582850084043e-03
-2.170291312702446462e-02
-3.192190930133246424e-02
-2.321226280194876868e-02
-1.357114666457260969e-02
1.962783357656224317e-02
-1.185712366477022564e-02
-9.805706137633643515e-02
-1.170384190543477670e-01
-6.137838708648664376e-02
-2.766923877001692400e-02
-4.792008032124181471e-02
-5.392062037606200342e-02
-1.150597621516647080e-02
-4.293046621581499134e-02
-1.533445056600165647e-02
4.142675477936579378e-03
-2.407123611077958275e-02
-1.572898215574318470e-02
-1.710641091032450919e-02
-1.076572966126682594e-02
-6.375291803984278402e-03
-2.393576046826708867e-02
-1.893873959532876503e-02
-1.660010314413866428e-02
-8.419915164814750427e-03
-1.083438723211772696e-02
-1.607024647067809009e-02
-1.134186419611394984e-02
-1.432494651941156397e-02
-6.333891335033407788e-02
-3.121486356664184003e-02
-3.371807873239083403e-02
2.872930342036726301e-02
-1.424105465226265833e-02
-8.301831292320092925e-02
-1.008996119423408167e-01
-6.064673434831072824e-02
-5.258826207554176402e-03
3.214814788669848478e-03
-1.125702488402643628e-02
-2.072943057804275610e-02
-6.110455361323155477e-02
-4.551837192852354469e-02
-2.832733418491072130e-02
-9.564079264032401481e-03
-1.943610480477960326e-02
-2.125937145719291113e-02
-2.392790090015157675e-02
-2.334195600253495192e-02
-2.064450712276946764e-02
-2.225070141191982237e-02
-2.393712672570763936e-02
-2.392062324936150564e-02
-1.796330681441093979e-02
-1.062151557731576788e-02
2.295401838795329066e-02
7.247881006651796590e-03
-6.132764101513178689e-02
-7.241922893703525710e-02
-6.748535319738897809e-02
3.396173492083425643e-02
1.190250026120249181e-02
-3.194423428375817164e-02
-5.725203108757458831e-02
-2.539340207321692106e-02
1.926683962598303365e-02
4.605122902130827367e-02
1.770404883352458963e-02
-2.432492817750351102e-02
-8.097295913109642251e-02
-5.271889284447235646e-02
-4.712283579807000078e-02
-9.456724834094624652e-03
-8.327571107863479191e-03
-1.467125820554547773e-02
-8.712440909185331303e-03
-1.248107972363147154e-02
-1.326584697599897909e-02
-1.132528998826519244e-02
-2.510018031996644541e-02
-2.517391522604407739e-02
-1.296663400844152991e-02
8.189745187610954777e-04
2.821546063638121285e-02
-1.243849148565060077e-02
-6.962161929776694569e-02
-1.001994601256453454e-01
-5.476431470983435246e-02
3.499032426989921035e-02
-4.562339129620113579e-03
-1.807825061275295658e-02
-1.619830738426589548e-02
3.496263268567353921e-02
2.760462215679663003e-02
3.644298459315331584e-02
-3.059160778414548101e-03
-5.314344864379127314e-02
-7.452434829496512592e-02
-7.764660549309979065e-02
-5.141150067346351993e-02
-2.174605682512687280e-02
-1.774467664398978947e-02
-1.106817635815353883e-02
-1.845697218317183738e-02
-1.668345254500482738e-02
-1.743870616645721780e-02
-7.609829827840489114e-03
-7.224010907744714792e-03
-1.898886141333688132e-02
-1.575841273282990035e-02
-1.869891646055255388e-02
1.260033403097429163e-03
-3.568299286760422823e-02
-9.274836501857100513e-02
-1.115048049418921189e-01
-3.185769176055669449e-02
1.814435455361264674e-02
3.215108184833753019e-02
3.871156928710311335e-02
1.993259837696082989e-02
5.261373960743106343e-02
2.667991894057262364e-02
-3.084420662127213345e-03
-2.021957606725420867e-02
-8.295569428580455706e-02
-9.315166782042454130e-02
-7.200682422120041615e-02
-3.555502878430452651e-02
-1.321305470698627520e-02
-2.037390434075045040e-02
-1.748369628667820544e-02
-1.629156642930133445e-02
-6.333480926558115662e-03
-1.511688435676562109e-02
-2.529103260104192258e-02
-1.254472423247695451e-02
-7.227027101248529109e-03
-1.923542793029338338e-02
-3.603290783238441430e-02
-4.426039036669742605e-02
-6.008520413771922114e-02
-9.706172842167597181e-02
-7.792819681174997792e-02
-5.772647462805440693e-02
6.558505245244060367e-03
5.130616548338558236e-02
5.684714927594339273e-02
6.133964037191376450e-02
5.891496360146736277e-02
4.772096420960982022e-02
-2.135246381035628069e-02
-6.241630906752249075e-02
-7.282633062232149457e-02
-8.898752305305149268e-02
-6.178149720108304377e-02
-3.160656152860186197e-02
-1.715128554231037591e-02
-8.871915278330073582e-03
-9.331825583903821317e-03
-1.852163217910602830e-02
-2.347990759077984643e-02
-1.769007405866613106e-02
-9.108771945967956626e-03
-2.502038022034815123e-02
-1.024365486606619406e-02
-2.623471420004797397e-02
-4.456434010837507370e-02
-6.551192892289793568e-02
-6.281302276665644280e-02
-3.280019784909581071e-02
-6.868241500423448442e-02
-3.673293358173258111e-02
2.194608753471182991e-02
8.189134014608726031e-02
9.683306303778013713e-02
6.139135018599012339e-02
7.991130190573361713e-02
6.880063118592048832e-02
-3.790836674148069518e-02
-8.451292217408234997e-02
-6.873493918059690733e-02
-6.499450950548579797e-02
-3.742583156079218321e-02
-4.640512771022342609e-02
-1.439077602389947363e-02
-1.860946779669830214e-02
-1.966031728910653739e-02
-1.406827625768674629e-02
-9.644806511632525101e-03
-1.151311878722038710e-02
-1.434041591044627091e-02
-8.628560756812125518e-03
-2.048348665848620867e-02
-4.456463536740978837e-02
-9.420237152340342479e-02
-6.791699652669762333e-02
-1.222463771506117521e-02
3.804680805743548225e-03
1.965957800713664591e-02
1.484253721294859392e-02
9.635901065033322666e-02
1.079253617864627257e-01
1.112237465233748834e-01
7.040268433192711783e-02
7.684241937743745143e-02
5.422972960866001210e-03
-6.164450467559106500e-02
-1.173532553966572106e-01
-7.032050894168932753e-02
-7.870817176288376349e-02
-3.980313652004350417e-02
-4.959745836835979804e-02
-2.011935253805476401e-02
-7.880280896907806629e-03
-1.376120651337092542e-02
-1.220458667161806142e-02
-2.273638397535035147e-02
-2.144894475463316602e-02
-2.157105442452555977e-02
-5.723011152140950950e-03
-2.273283929013480281e-02
-7.450852709409711006e-02
-9.896429797804609518e-02
-3.483688614452590954e-02
1.801447490162254306e-02
2.366138941848611871e-02
5.551773584422702024e-02
7.916215348366982540e-02
1.575707571369452387e-01
1.607451027652425646e-01
1.419626889585471896e-01
9.311388775517102923e-02
4.809404559959648551e-02
-1.614753969281844045e-02
-6.862668242607322666e-02
-1.255355098334863251e-01
-6.490494414179356908e-02
-5.530883646561871037e-02
-5.184915248559292256e-02
-5.092938632513209496e-02
-1.859661666290462687e-02
-8.798375080346592866e-03
-2.377961670916093131e-02
-1.956806717768799428e-02
-1.921113474144033398e-02
-2.288172513232402186e-02
-1.390790585073895490e-02
-1.068638365049984044e-02
-2.252058887753959418e-02
-8.956070139086511062e-02
-1.037245141330710024e-01
-3.511295181595117110e-02
-7.012895660204436152e-03
2.580932099603719387e-02
6.335863492454620050e-02
1.071397671512245575e-01
1.440757926892789753e-01
1.872556855378035012e-01
1.678298384611294769e-01
1.214791329198970787e-01
1.853649307632137741e-02
-2.318063881499148396e-02
-6.850721342761303956e-02
-9.795073915852137159e-02
-9.190953764168938167e-02
-4.620064073625354539e-02
-4.047868317920325781e-02
-5.356190525489111509e-02
-1.410718543994819198e-02
-1.435411950140154207e-02
-1.173113198499831610e-02
-1.347968769470807814e-02
-6.621682439753263580e-03
-2.319624971143411860e-02
-7.999340158157506805e-03
-1.958320894486422978e-02
-6.159607009570350344e-02
-9.008459275048302795e-02
-7.707665912770554628e-02
-3.306112226412234040e-02
-5.434317727151988936e-03
-1.681120639209880696e-02
3.437889982989724563e-02
9.080841376153901690e-02
1.641313065959204287e-01
1.958843036389362469e-01
1.772231254837324799e-01
9.143139156593124706e-02
3.587385422767735282e-02
-5.702607383801460567e-02
-1.019532186031691240e-01
-1.065988271719755243e-01
-9.542385970921389571e-02
-5.533606866923194978e-02
-5.248488446400739055e-02
-1.158090886686456190e-02
-9.157006166384483101e-03
-6.971718065216804192e-03
-2.477937454272074666e-02
-1.937764289340228666e-02
-2.237856471716498721e-02
-2.423253434463522316e-02
-1.027374651695061973e-02
-2.184341403721065319e-02
-8.200180208664369086e-02
-9.729168419343049712e-02
-6.150408307178104744e-02
-5.443177481531599748e-02
-1.799435301872017931e-02
-2.330009037412724207e-02
1.818597840290454501e-02
7.077334663771456258e-02
1.257462111751734835e-01
1.786858294984862705e-01
1.820526101667320484e-01
8.518322080275884944e-02
-3.303890136487078015e-03
-8.066638107258479462e-02
-1.172908563790978631e-01
-1.013419645349486892e-01
-4.687217291439473715e-02
-4.417857146751963393e-02
-3.421505069534125365e-02
-9.576559626309140080e-03
-7.234279469415098515e-03
-1.845484277580461754e-02
-2.184010564857623640e-02
-1.460777756581037486e-02
-1.531000359028603097e-02
-2.244529468399039315e-02
-8.363708913527478570e-03
-4.201093919014006750e-02
-8.264155187055204077e-02
-1.117816143547759461e-01
-1.077238371005220380e-01
-9.746338237137763816e-02
-2.665290709013591608e-02
-5.858855444393191135e-04
2.428288463046137866e-02
6.473010502457189619e-02
1.240668559567875279e-01
1.672308465102403940e-01
1.457898096090733120e-01
3.299009062880354885e-03
-9.053510819231273821e-02
-1.229489000053294867e-01
-1.209357600471551997e-01
-5.876383352483212363e-02
-3.579677478463914181e-02
-3.705280501010022043e-02
-2.454264129057165053e-02
-2.358150833532415835e-02
-2.156656346575650668e-02
-1.073140048558725822e-02
-1.607514582434590653e-02
-1.108686064591669733e-02
-1.113919664430893484e-02
-1.756779452069310785e-02
-1.587212055649092970e-02
-4.381302013721195820e-02
-8.899468358592482753e-02
-9.605878791050669052e-02
-8.783963864447448533e-02
-9.961578239503750265e-02
-5.110308805174770819e-02
-1.305402742973119611e-02
-2.787995226195712564e-02
4.057448290775828026e-02
7.835854931010904911e-02
1.027222083515057643e-01
4.357006411622806052e-02
-5.802768917539918164e-02
-1.282149114066477302e-01
-1.288529534629495044e-01
-9.439910949743622604e-02
-3.760191287585171876e-02
-1.381348310047460747e-02
-9.222599468131845515e-03
-1.451131686447083499e-02
-7.381437019072402753e-03
-7.076438914128386701e-03
-2.515840329549825366e-02
-2.186887874961588110e-02
-1.159334737925551799e-02
-8.665472311268121106e-03
-1.658095350531997927e-02
-2.520515515373781060e-02
-4.221583363325678157e-02
-7.407556828134076454e-02
-7.999342096559958204e-02
-9.515044687413028168e-02
-9.386914357633117933e-02
-6.837025928822988707e-02
-1.005170287000569790e-01
-1.127195092763968454e-01
-4.386813195307823210e-02
1.145730345918971257e-02
1.123434439211301594e-02
-6.691547900657135450e-02
-9.920122335610000175e-02
-1.161280113705263628e-01
-5.342621218614743150e-02
-2.954717309985170626e-02
-1.533953487426664188e-02
-8.174393806826425399e-03
-1.380561957898253193e-02
-8.791597195812931795e-03
-1.050255656883040088e-02
-1.030152722345188503e-02
-1.651622895010669556e-02
-1.993283241809200995e-02
-2.088687432110130499e-02
-2.242158903730067862e-02
-8.439331386187068004e-03
-2.030496437497739809e-02
-3.882076784413857756e-02
-6.685618560526941645e-02
-5.057741189390657643e-02
-1.024131296564611826e-01
-9.184307188012233447e-02
-9.044243997843610938e-02
-1.098510457846255534e-01
-1.136087321781090731e-01
-4.073530903402965142e-02
-4.027381192115929431e-02
-5.967568067799440545e-02
-9.456088505711618408e-02
-6.653035752244408629e-02
-5.866106057127799117e-02
-1.319721436068575955e-02
-8.645142971936336726e-03
-2.105079907254356689e-02
-2.233200668210103337e-02
-1.407202785055877529e-02
-2.524650330655774794e-02
-7.386897790907122688e-03
-1.650479519496807906e-02
-2.221979368513258071e-02
-2.175816821804588824e-02
-1.938392230651579673e-02
-2.114245287722573904e-02
-5.929630740626993732e-03
-7.543379672091973451e-03
-1.043010346435681128e-02
-3.330616780763961948e-02
-5.310487340586582394e-02
-3.552184734682214962e-02
-5.706013116207588054e-02
-5.183240612696671246e-02
-7.923786802493991421e-02
-1.228171803845571619e-01
-4.356586631675229970e-02
-1.567959079862110000e-02
3.776288693133513733e-03
-4.185430248515143586e-02
-2.104941893923431562e-02
-1.849809225230380008e-02
-1.791738570457169707e-02
-8.141974070420698525e-03
-1.907846140086933914e-02
-8.112728674400526349e-03
-1.868298800238979082e-02
-1.961782187151302898e-02
-2.249733383151358498e-02
-1.368019782832506463e-02
-9.973714127332637333e-03
-1.757385954951002152e-02
-1.978668231121287480e-02
-2.057568768474351065e-02
-7.958559094134507947e-03
-2.099094811754494486e-02
-6.050566601952229659e-03
-1.066444213132639561e-02
-6.320847104982907014e-03
-2.060098765019650197e-02
-2.269752724214598241e-02
-2.399729742642779662e-02
-1.402883574683424540e-02
3.430476048329227784e-02
3.104387089937761177e-02
1.774917313603033633e-02
-1.895697965020500669e-02
-2.087593243964408138e-02
-7.278121831117602067e-03
-1.315629893149012318e-02
-1.991805354785962379e-02
-1.142052895503381342e-02
-1.451147511978051127e-02
-2.098004861761363499e-02
-2.394416901756845142e-02
-8.221652107679900887e-03
-2.512818438845228208e-02
-2.489328157522050985e-02
-6.090979178824706616e-03
-1.957900222837190632e-02
-7.703231294212053645e-03
-1.101981812865804843e-02
-1.212198718058294343e-02
-1.742821448185923397e-02
-1.282348457922877737e-02
-2.250296371673888088e-02
-1.166980254344684824e-02
-7.818128385540695433e-03
-1.948092844520762229e-02
1.186572990633887222e-02
3.903019779937300787e-02
5.374161339253669123e-02
3.291959576871145154e-02
1.111488678851215751e-02
-1.877713871793569578e-02
-1.417145683806084015e-02
-1.126186557654403585e-02
-2.305174233936666678e-02
-1.831109896025126874e-02
-6.330567522428122082e-03
-2.374005203952425647e-02
-2.324893911354540890e-02
-2.111350880789528844e-02
-1.975238957844702159e-02
-2.020305748981773147e-02
-1.043872112994117911e-02
-2.494291788881857624e-02
-6.092932705376611843e-03
-1.063591386491511380e-02
-2.138332976514648043e-02
-1.643869775978020267e-02
-2.357003647640684360e-02
-9.845756850772128740e-03
-1.132609034896915438e-02
-2.443537021968059456e-02
-1.870691230095247043e-02
-1.739726033391571225e-02
4.042376479554488436e-03
6.693106233508273363e-04
-1.033985468825357294e-02
-1.550953937042648563e-02
-1.209166556344189007e-02
-2.504216853407831636e-02
-1.775009008964477733e-02
-9.989491666909140408e-03
-1.735422873727808166e-02
-2.319409594340348171e-02
-2.448131012451807212e-02
-1.319438806721057005e-02
-2.041320982807589765e-02
-2.419616456192849249e-02
-1.336360622430785537e-02
-1.110097175475132335e-02
-1.756327306750301784e-02
-2.219703634940753054e-02
-1.473861429197828934e-02
-2.166267431078562275e-02
-2.530759056724943626e-02
-1.944302945416826606e-02
-8.401485594113104402e-03
-1.222097317852458530e-02
-2.248281070789239292e-02
-1.997875938293365225e-02
-1.112093238653646780e-02
-6.913701413255477976e-03
-6.347178634503880187e-03
-1.082784965740572584e-02
-8.027951668796896520e-03
-1.405618453861886240e-02
-2.243724039111860691e-02
-1.752010982460188229e-02
-1.007672787930213691e-02
-6.865572624202708960e-03
-8.680437930191178472e-03
-1.915823289040891053e-02
-9.791816945483795484e-03
-1.222859810897781833e-02
-1.381515403574342347e-02
-1.215148796858002943e-02
-1.752090004327591655e-02
-9.754462502962494772e-03
-1.346561399383553424e-02
-8.445895410816693302e-03
-2.469282799719013308e-02
-1.557726809228133537e-02
